x1=[1 2 3 4];
y1=[11.2 0 0 0];
y2=[0 11.8 0 0];
y3=[0 0 12.1 0];
y4=[0 0 0 11.2];
w1=0.5;
y5=[66.4 0 0 0];
y6=[0 67.7 0 0];
y7=[0 0 64.2 0];
y8=[0 0 0 69.2];